100000000
100000000
010110011
100000001
100001110
010111011
010110010
010001000
001000111
010010000
010001010
010101011
010010010
001000100
001101100
001000100
001101100
001000100
001101100
001000100
001101100
001101000
010111010
010101001
001111111
010010010
001000000
001000000
001000000
001000000
001000100
001101100
001000100
001101100
001000100
001101100
001101001
001000100
001101100
001101000
001101001
001101000
010111010
010101001
001111111
001110111
100000001
100001110
010011011
100000000
100000000
110110011
000000000