100000000
100000000
010101011
010110011
100000001
100001110
010111011
010111010
010010000
001000111
010001000
100000000
100000000
010100011
010111010
010010000
001000111
010001000
100000000
100000000
010011011
001001100
001011100
001001100
001011100
001001100
001011100
001001100
001011100
001001100
001011100
001001100
001011100
001001100
001011100
001001100
001010100
001010100
001010100
001010100
001010100
001010100
001010100
001010100
000011111
001000101
001100100
010111010
010010000
001000111
010001000
100000000
100000000
010011011
001001100
001011100
001001100
001011100
001001100
001011100
001001100
001011100
001001100
001001100
001001100
001001100
001010100
001011100
001010100
001011100
001010100
001011100
001010100
001010100
001010100
001010100
001010100
000011111
001000101
001100100
010111010
010010000
001000111
010001000
100000000
100000000
010011011
001001100
001011100
001001100
001011100
001001100
001001100
001001100
001011100
001001100
001011100
001001100
001001100
001010100
001011100
001010100
001011100
001010100
001010100
001010100
001011100
001010100
001010100
001010100
000011111
001000101
001100100
010111010
010010000
001000111
010001000
100000000
100000000
010011011
001001100
001011100
001001100
001001100
001011100
001001100
001001100
001011100
001001100
001001100
001011100
001001100
001010100
001011100
001010100
001010100
001011100
001010100
001010100
001011100
001010100
001010100
001010100
000011111
001000101
001100100
010111010
010010000
001000111
010001000
100000000
100000000
010011011
000001111
001000101
001010101
010010010
010011011
000011111
001000101
001100100
010111010
010010000
001000111
010001000
100000000
100000000
010011011
010101011
001001100
001001100
001001100
001001100
001001100
001001100
001001100
001001100
001101100
001010100
001010100
001010100
001010100
001101100
001010100
001010100
001101100
001010100
001101100
001010100
001101100
010111010
010010000
001000111
010001000
100000000
100000000
010011011
010100010
001000101
001011101
010010010
001000101
001011101
000011111
010011011
100000000
100000000
010001011
100000000
100000010
011011001
100000000
100000011
011100101
010111010
010010000
001000111
010001000
100000000
100000000
010011011
010101011
001001100
001011100
001001100
001011100
001001100
001011100
010111010
010010000
001000111
010001000
001001100
001001100
001001100
001001100
001100100
001001100
001100100
001001100
001100100
001001100
001100100
001010100
001100100
001010100
001100100
001010100
001100100
001010100
001010100
001100100
010110010
010100001
001000111
010011001
001110111
001110111
001111111
001111111
100000001
100001110
010011011
100000000
100000001
110110011
000000000
100001111
100001111
010001011
010110010
010001001
001000111
010001001
001110111
001110111
001111111
001111111
100000001
100001110
010011011
100000000
100000001
110110011
000000000
010111010
010010000
001000111
010001000
100000000
100000000
001100101
001000101
001101101
001000101
000000111
001000101
001011101
100000000
100000000
001100101
001000101
001101101
001000101
000000111
001000101
001011101
100000000
100000000
001100101
001000101
001101101
001000101
000000111
001000101
001011101
100000000
100000000
001100101
001000101
001101101
001000101
000000111
001000101
001011101
100000000
100000000
001100101
001000101
001101101
001000101
000000111
001000101
001011101
001011010
001011010
001011010
100000000
100000000
010001011
001001000
001001001
001001000
001001000
001001000
010111010
001000111
010100000
100000000
100000000
010101011
001100100
001101100
100000001
100001111
010010011
100000000
100000100
011010011
001101001
000101111
001000101
001001100
100000000
100000000
010101011
001100100
001101100
100000001
100001101
010010011
100000000
100000101
011010011
001101001
000101111
001000101
001001100
100000000
100000000
010101011
001100100
001101100
100000001
100001011
010010011
100000000
100000110
011010011
001101001
000101111
001000101
001001100
010110010
001000111
010001001
100000000
100000000
010001011
100000000
100000000
010101011
001100100
001101100
100000001
100001001
010010011
100000000
100000111
011010011
001101001
000101111
001000101
001001100
100000000
100000000
010101011
001100100
001101100
100000001
100000111
010010011
100000000
100001000
011010011
001101001
000101111
001000101
001001100
100000000
100000000
010101011
001100100
001101100
100000001
100000101
010010011
100000000
100001001
011010011
001101001
000101111
001000101
001001100
100000000
100000000
010101011
001100100
001101100
100000001
100000011
010010011
100000000
100001010
011010011
001101001
000101111
001000101
001001100
010111010
010100000
100000000
100000000
010101011
001100100
001101100
100000000
100001111
010010011
100000000
100001011
011010011
001101001
000101111
001000101
001001100
100000000
100000000
010101011
001100100
001101100
100000000
100001101
010010011
100000000
100001100
011010011
001101001
000101111
001000101
001001100
100000000
100000000
010101011
001100100
001101100
100000000
100001011
010010011
100000000
100001101
011010011
001101001
000101111
001000101
001001100
100000000
100000000
010101011
001100000
001100100
001101100
100000000
100000111
010010011
100000000
100001110
011010011
001101001
000101111
001000101
001001100
010110010
010001001
001110111
001110111
001111111
001111111
100000001
100001110
010011011
100000000
100000001
110110011
000000000