100000000
100000000
010001011
010010011
010011011
010100011
010101011
010110011
010111011
100000000
100000000
010100011
100000001
100000001
010100001
001000111
010100001
001000111
010100001
100000001
100000000
010110000
001110010
001110010
001110010
010110010
010010000
001010100
001001100
001010100
001001100
001010100
001001100
001010100
001001100
001010100
001001100
100000001
100001111
101000001
010001011
100000001
100000001
011001110
100000001
100000011
010100000
001100111
010100001
100000000
100000100
101000111
010100011
100000000
100000100
010101011
100000001
100000001
011100101
100000001
100000001
010100000
001100111
010100001
001011001
100000000
100000111
101111000
010100011
100000000
100000011
010101011
100000001
100000010
011100101
100000001
100000010
010100000
001100111
010100001
010111010
001000010
001000010
001000010
001000111
010010000
100000000
100001111
101011000
010100011
100000000
100000000
010101011
100000001
100000010
011100101
100000001
100000010
010100000
001100110
010100001
001111111
100001111
100001100
010100011
100000001
100000000
110111100
000000000